[Dox400miRNACont.jpg]
text=1;126;6;400 pg;Arial;0.390833,0.021111,0.033333,0.000000;v1,4278190080,4278190080,128.000000,1.000000,0.000000,1.000000,400,0,49152;;
backuphash=12087
textactive=1
[Dox666miRNACont.jpg]
backuphash=2541
